  2.9439064376984385e+000
 -3.4124905479849703e+000
 -4.0980558513724041e+000
 -4.3096115927799483e-001
  3.1570845138759620e+000
  1.9146169141736014e+000
  2.9658128580361200e+000
  9.6762596661724309e+000
  6.7566757607325147e+000
  1.0431875419978908e+001
  1.3874845523277905e+001
 -7.8049985263535611e+000
 -3.1856841866386154e+000
 -5.1316694397901208e-002
  7.3020154170321376e+000
  3.6841735891011482e+000
  7.3541800457984223e+000
  1.9191204869050100e+000
 -4.5660696360550794e+000
 -2.8092955269192124e+000
 -2.1516544849174806e+000
 -3.6376664147319007e+000
 -2.4082431198825534e+000
 -9.4325808657951860e-001
 -5.7909697915689993e+000
  4.8821464420493532e+000
  1.7475601253523911e+000
 -1.3484497728506513e+000
 -1.4797231826764292e+000
 -6.4785018255881521e-001
  1.6765352345318123e+000
  4.3420042958129077e+000
  7.1427949655943146e-001
 -7.6525438699640047e-001
 -2.1976903928515346e+000
 -1.6404110270170567e+000
  3.4858355786977979e+000
  6.2295707558821851e+000
  6.5916770649670724e+000
 -3.0449179054915017e+000
 -7.3569221945787078e+000
  6.3412400844127905e+000
 -2.7592167339411677e-001
  5.4454023763260420e+000
  2.7372191331924842e+000
  4.5137231271136686e+000
  4.6692500426377959e-001
 -4.0259490786574892e+000
 -1.8826947782589592e+001
 -4.0803197319314526e+000
 -1.1727766535611717e+000
 -7.4065216598420873e+000
 -3.2158284045886227e+000
 -2.8008818592743299e+000
  2.3882420278664251e+000
 -2.2518738198857746e-002
  1.1663789378907463e+001
  4.8790734793024066e+000
 -2.2435416340133845e+000
 -2.3986448392512756e+000
  3.8825936172441402e+000
  1.2606818138039846e+000
  4.5931080583553454e+000
  4.3090718043510199e+000
 -3.6706961213049816e+000
  2.4723040884527014e+000
  3.1586261753176590e+000
 -5.9464612756090744e+000
 -7.0685765128546285e-001
 -9.8907193917790037e-001
 -1.5534494138378786e+001
 -3.7284011311349197e+000
  3.7696151451460964e+000
 -9.6596063910642798e+000
 -1.1648043425250383e+000
 -2.4300032433180885e+000
 -3.5225061737313506e+000
 -8.7201420139699124e+000
  6.4581619319589090e-001
  2.8697991037465536e+000
  5.3372433979759100e+000
 -1.5469524482552159e+000
  4.5557251773020688e+000
  3.1532277201392005e+000
 -4.1434595931909968e-001
  5.2750341283752427e+000
  4.2072524625914358e+000
  1.2417248596100727e-001
 -1.0878496864316100e+001
  9.0319270292095606e+000
  5.3849784123993762e+000
  4.0740759349937568e+000
 -2.0950769744444475e+000
 -2.1984550036205976e+000
  4.9908001025861086e+000
  6.8403919690623063e+000
  4.2702915689270760e-002
  4.1560430303150389e+000
  6.6987465475776702e+000
  4.0329386936012765e+000
  3.0903103430317831e+000
 -9.0476190134628940e+000
  5.9952322244181948e+000
 -4.2594534117102327e+000
  8.8454045480154120e-003
 -2.1354376633270058e+000
 -5.8468914533521554e-001
 -8.3696309659888506e+000
 -4.3713622260752656e+000
  1.0061423179984674e-001
  4.6064075766491595e+000
  6.8477944489589122e+000
 -3.2956995539844995e+000
  1.8019920139012360e+000
  6.2729695161192991e+000
  4.3375557422234917e-001
  4.2769110817372402e+000
 -4.3722241819415686e+000
 -2.3072101903410944e+000
  6.0801190876861524e+000
 -9.7416653954931629e+000
 -2.2414418438573351e+000
 -1.3419675965153333e-001
 -1.0583493030134560e+001
  4.1690791025025522e+000
  2.0654578729366924e-001
  3.4381152641604551e+000
 -2.2555909141373363e+000
  3.6970735291420147e+000
 -7.9266653831288658e-001
 -5.8947585233593207e+000
 -4.9701883778100546e+000
  4.0809127166664316e+000
  3.1723858135933845e+000
  6.9221985461052638e-001
  2.9685014323388370e-001
 -3.4844121504332126e-001
 -2.4104740730305552e+000
  7.8481265809215248e+000
  4.3913922558218799e+000
 -5.8855269297544597e+000
 -6.9047603034802156e+000
  5.5467346576813377e+000
  1.0617543803187537e+000
 -1.2498044961514601e+000
  3.0304577917115840e+000
 -9.2431933038281731e+000
 -1.1593016438805333e+000
  2.8114617134368740e+000
 -1.0917597702765145e+001
 -6.2567936421333292e-002
 -1.5902239552200503e+000
 -7.6639981818979690e+000
 -7.3856760720395549e+000
  7.9987793052534997e+000
 -6.2454640058128463e+000
  2.5884682252239841e+000
  2.9795789025607116e+000
  7.2694304509316909e+000
 -4.5489270076594570e+000
 -4.1525862803064362e+000
 -9.6106119469996507e+000
 -5.9357314082935746e+000
 -1.8526829925031718e+000
  2.7250205874902163e+000
  3.6474965333881970e+000
 -1.8959182184419481e+000
 -1.7244284682531159e+000
 -5.8917180750040403e+000
  4.8355203736400512e+000
  4.2247430120075791e+000
  1.7200060746699763e+000
  5.7147279569280229e+000
  9.3624990452294099e-001
  1.0261932425308254e+001
  1.4432408081127137e+000
  7.0538457161328143e+000
  5.3773294433975769e+000
  1.3601798135107005e+001
 -1.3841976430637230e+001
 -6.1247735127105898e+000
  6.9406292494435684e+000
  7.6124936560829308e+000
 -1.9846291979856683e+000
 -1.7369013293932873e+001
 -2.2375772462403658e+000
  6.7993111585554091e+000
 -9.5657380060202879e-001
  8.6618868473986552e+000
  6.4231557807502497e+000
 -3.7274106547562953e+000
 -7.0372790049003902e+000
  5.6782333305400536e+000
  6.5068294534692654e+000
 -7.9240826294949374e-001
 -8.5383048910173116e+000
  3.2618891513277339e+000
  4.1582326026507923e+000
 -1.0137897223575267e+000
 -2.7006822974787941e+000
 -6.1336783952832699e+000
  1.4863825851024162e+001
  7.5922892562318163e+000
 -1.7146645617015033e-001
 -8.8637206077000530e-001
 -7.5612525579744272e+000
 -3.5316144137654302e+000
 -5.8944066941468751e+000
 -7.6124164899178526e+000
  2.9545685275036990e+000
  2.7042467295115995e+000
 -2.0022155915147541e+000
 -2.9316536068150612e+000
 -2.1808272156410475e+000
 -3.0982230448841719e+000
  1.4377283580595797e+000
  5.2265243135959958e+000
 -4.4135425577995546e-002
  1.9387907798347008e+000
 -2.8406433623312877e-001
  1.5344317536013723e+000
  5.1992798747434610e-001
  8.4924414784787601e+000
 -5.6427174232385058e-001
  2.8592305333595452e-001
  5.9586696458911459e-001
 -2.6756694891233708e+000
 -6.1308335167352448e+000
 -1.0129916504379525e+001
 -6.2676764887034215e+000
  2.9268489760892658e-001
  1.1602934026005949e+000
 -3.6900891770852922e+000
 -1.6416286012147088e+000
  1.2298873495737697e+001
  3.2319165752747612e+000
 -8.5514029429848613e+000
  7.7643228484940909e+000
  1.0357713274191310e+001
 -5.8805609161493821e+000
  1.0530748128345238e-002
 -1.6895698918237176e+000
 -9.3076680992749523e+000
 -2.0464863108946290e+000
  2.3645398288329829e+000
 -1.7250139113132530e+000
 -1.1740961461229813e+000
  2.0865094647444242e+000
  1.8288673661932420e+000
 -4.1248626400498223e+000
  4.4463080275534388e+000
  7.1809096436574631e+000
  3.6652667080119596e+000
 -8.6212919398771148e-001
  1.5485985464436385e+000
 -7.2107856324968900e+000
  8.8704875167573700e+000
 -3.5963436290119062e+000
 -1.1218086800954852e+000
 -7.5163532538387079e+000
  5.4561954399401671e+000
  1.9347964405537259e+000
 -4.6877303069287075e+000
  1.1389210543829327e+001
 -5.5470265790737656e+000
  8.7577102655818582e+000
  1.2470574869459754e+000
  6.1371516579478618e+000
  4.5924743771498351e+000
 -1.5796053836702826e+000
  3.0900678028013835e+000
  2.4387417790618082e+000
 -3.6737910652479067e+000
 -6.4273136127295025e+000
  2.8793931056355691e+000
 -3.0901545767186356e+000
  3.7385739807145670e+000
 -1.7022517258728556e+000
 -7.4084101072989450e-001
  2.1511311695461144e+000
  4.9065781401601738e+000
 -8.4978328059271409e+000
 -3.4130978469600111e+000
  9.5410876161170255e-001
  7.8956941725610363e+000
  5.1129162991723049e+000
 -3.6782346484634965e-002
 -2.5257637739940164e-002
 -1.2798134449655241e+000
  2.9537522551110706e+000
 -1.0073459410033121e+000
 -5.5394316625962396e+000
 -3.0182153516648027e+000
 -5.6096607678681909e-001
 -1.3242553508851289e+001
 -6.4291898004777517e+000
 -1.9666479023554899e+000
  1.5767184429021843e+000
 -5.6737807159292029e+000
 -6.3237021912037186e+000
  8.8983247465080026e+000
 -2.0810078205679856e+000
 -8.9054745767142460e+000
  8.5177975777092847e+000
  9.1784911255637280e-001
  2.6836883232454833e+000
  6.0387401318643419e-001
 -2.7529212045139717e-001
  2.1728313462304469e+000
 -4.8467891728011079e+000
  4.5919300272086359e+000
 -3.5351744634431084e+000
 -6.7097900472521967e+000
 -1.9411279016617755e-001
 -1.8269401881010654e+000
  4.8837890542851010e+000
 -7.4817149510810417e+000
 -3.9280326462978818e+000
  2.3633364882284353e+000
  2.4244083910285341e+000
  2.3984399676325103e+000
 -2.6743248355457458e+000
 -2.2418904787168481e+000
  5.5542749722413483e+000
  6.4384470058368777e+000
  9.5125983168194175e+000
  4.3408868841897776e+000
 -4.7572544820367666e+000
 -6.2779360522972816e-001
  1.8262320289406075e+000
  5.2807426840596561e+000
 -2.3091897432431137e+000
  1.5662692985191224e+000
 -3.6571003500409485e+000
 -2.4712069473496093e-001
 -2.4396764387767198e+000
  1.0735235671651142e+000
 -8.6302620871206752e+000
 -4.2415883047596887e+000
  1.6487280309217038e+000
 -3.9826389436072163e-001
 -5.0517414366901727e+000
  2.5699879083466592e-001
  3.0854868204229369e-001
  5.1821056994492321e-001
  1.0471958686709204e+000
  4.3804525644002847e+000
 -1.1577475222087568e+000
 -1.0022038208019526e+000
 -4.8767376671915059e+000
  3.8777392147532952e+000
 -5.6632431011908055e+000
 -5.6276285013958844e+000
  9.2016470523637715e+000
  8.3742368669926903e-001
  1.0449402116408648e+000
 -2.9556848733731758e+000
  9.6908476604639904e-001
  2.6280136218871823e+000
  7.1288005221431741e+000
  3.0748508360423012e+000
  4.2988395773853949e-001
 -4.8485976726072366e-001
  5.2671628417407996e+000
  1.6641429918706083e+000
  1.7526503823491275e+000
 -3.4476686452994820e+000
 -4.8063277192176805e+000
 -2.9018393866049865e+000
 -1.0683734643223437e+000
 -1.6241931758586059e+001
  4.3513238026785350e+000
  9.2399915717485950e+000
 -1.4780651312712323e+000
  3.3367202131836162e+000
 -5.7361517129188644e-001
  5.1339647917950728e+000
  5.8415597222261999e+000
  3.2682297630688932e+000
  3.0150951517933979e+000
  8.2572753887041408e+000
 -5.3135532481898879e+000
 -1.0581295103315833e+000
  2.2230588523685357e+000
  9.0450227738355640e+000
  2.3893278660582054e+000
  5.5487835457405330e+000
  7.7220248747392297e+000
 -1.2414119709136915e+000
 -6.1041024240658661e+000
 -8.6661553867146335e-001
  9.4491510842639492e+000
  3.5778798000322154e+000
  2.0709559457175200e+000
  7.3341242378659235e+000
  7.0530394939856427e+000
  4.3130490729372006e+000
 -1.0549869924428297e+000
  6.6166557211862385e+000
  5.9903747843686017e-001
 -2.1500126188332551e+000
 -1.8760838363061637e+001
 -3.0417338292371854e+000
 -1.1371515696753998e+000
 -1.2296424370862013e+001
  1.7527225188096756e+000
 -2.5709204519879707e+000
  4.1420387118262036e+000
  8.9981166128806507e+000
  4.4534526195893891e+000
 -2.5911606521421759e-001
 -8.1714078012592193e+000
 -6.0365147228436999e+000
 -5.4119606067559367e+000
  8.2761792295822350e+000
 -4.5217425462699907e+000
 -1.2899914002461710e+000
 -1.9485396143715541e+000
  3.5717851566064569e+000
  6.4001457492759750e-001
 -8.4628282258054188e+000
  5.5997459750829375e+000
 -9.3601639287179470e+000
  4.5464845588163882e+000
 -2.1669808107323409e+000
 -2.1610858917971183e+000
 -2.4648568779434350e+000
  8.1140393481420965e+000
  6.2072913335233011e+000
 -2.0315102815573476e+000
 -3.8884339726087935e-001
 -6.8669409522529037e+000
 -1.6159572590327405e+000
  5.2409485395658564e+000
  2.4878834071959757e+000
 -3.0850596182551482e+000
  3.3495783215235786e+000
 -6.7493239226447113e+000
  2.0029101505418287e+000
 -1.1681038841343503e+000
 -8.4050627551964698e+000
 -5.9130644690764136e+000
  1.3515437503975496e+000
 -2.5726497432877244e+000
  9.6707428640594240e-001
  3.2530051405734670e+000
  3.3967333420808314e+000
  1.7346010136925560e+000
 -6.1753706515474560e-001
  4.4263077984117629e+000
 -6.9508042700686072e+000
 -7.6649028266253207e+000
  4.7023394897835917e+000
  1.4102835969674348e+000
 -5.2370136816741546e+000
  1.0810863554814076e-001
  7.0420865115058673e+000
 -2.7267050921326961e+000
  2.5258193036826366e+000
 -5.5317692287716991e+000
  1.0085907743879445e+000
 -1.8872673294378561e+000
 -3.1113109514789992e+000
 -2.0758227126711111e+000
 -9.2932566002788308e-001
 -4.5994839560297516e+000
 -1.3039298473334096e+000
 -3.0481173440434226e+000
 -4.5761260221906097e+000
 -1.2532329102505885e+001
  3.1460813756519208e+000
 -8.4654213217307532e+000
 -5.1805708626190139e+000
  9.5011772100989411e-001
 -3.4353524067740144e+000
  1.2245164747579573e-001
 -4.8586618435749305e+000
 -4.1327678999058266e+000
 -8.7555706616006894e+000
  3.3743302651564413e+000
  6.5470606777457911e+000
 -6.0461371649948132e+000
  1.9828791078020434e+000
 -2.9547786480380978e-001
  6.0900710082824920e+000
  7.3191405293809764e+000
 -2.9967256058454419e+000
  5.2756515671809607e+000
 -3.1979777763468467e+000
  5.4930739720123389e+000
 -2.7575422254505630e+000
  1.4643495659405059e+000
 -5.8290496293326095e+000
 -7.7635451805888760e+000
 -1.2296240216160477e+001
 -6.2118733348227897e+000
  3.5170338329640216e-001
 -2.7990081592283100e-001
  6.1977435067841613e+000
  1.1285909958497418e+000
  4.1883147739428779e+000
  8.4583932945992324e-001
 -8.8644477431991646e+000
 -1.1191596613868384e+000
 -8.3042204936674242e+000
 -5.9691802511664314e+000
  3.9247518699074790e+000
  2.6118435873758128e+000
  4.9544637261247608e+000
  6.2673724195529634e-001
 -1.9897575539443919e+000
  2.8711078057534563e+000
  2.7401616760320051e+000
 -7.3495950222189643e+000
  5.8850615093850300e-001
  4.6124069771371463e+000
  8.4852588997164329e+000
  6.9878959020198765e+000
  1.0429698745525601e+001
  1.3515634665556506e+000
 -6.5766034346102300e+000
  6.7415303052811160e-001
 -6.8466458940585460e+000
 -8.1970706390799180e+000
 -9.8516083689729483e-001
 -1.0113932313229481e+000
 -1.4852986641459243e+000
  1.8472624351398972e+000
  1.7951617538316889e+000
 -1.8858565425237805e-001
 -6.8564369871578288e+000
  7.7048125004556978e+000
  4.3859083496604097e+000
 -5.8264629508359320e+000
  1.3271038661915544e+001
  1.2260563444911242e+001
  8.6993061567194496e-001
 -2.1790363600672675e+000
 -4.0241679421670522e+000
 -5.9224932953850935e+000
  5.6520645136824577e-001
 -2.8310198655859908e+000
 -3.4816725454563739e+000
 -1.5820909967518597e+000
 -1.2959532715048470e+000
 -7.7759633668845574e+000
 -4.0602718317215212e+000
  1.0307519636228299e+001
  8.9926609667769366e+000
 -8.9980568779111092e-001
 -1.3257901705723963e+001
 -1.1789085830650993e+001
  1.6751931969388778e+000
 -5.2589602805445139e+000
 -2.5424892041427896e+000
  7.0939887435470332e+000
  2.4860409889843806e+000
  2.7165264108764160e+000
 -4.3023149620248438e+000
  5.0514176470887096e+000
  1.1304239138009313e+000
  3.0890828673797857e+000
 -2.1806592876663107e+000
  3.5270470871809483e+000
  5.3728456267217695e+000
  1.3127789117432997e-001
  4.3309348846159175e+000
 -3.3027336285897149e+000
  6.7522331598610723e+000
  1.2037004710584602e+000
 -1.8759030164446475e+000
 -4.4077007425330565e+000
  1.6343264355544351e+000
  3.2542450146752105e-001
  2.1553675196914579e+000
 -2.6700711313583847e+000
  1.2334563747702898e+000
  5.4653420589875976e+000
  4.5936630309790774e+000
 -7.5880328643864488e+000
  1.5357266284190789e+000
  5.0912719109476345e+000
 -5.0920894489598840e+000
 -7.4141670754464539e-001
  6.5936912619223320e-001
 -4.0942354101908771e+000
 -1.0412774887401992e+000
  3.1547085998155424e+000
 -4.2648577530507836e-001
 -8.8311026133733506e-001
 -9.3632284268522668e+000
 -1.7252060864012975e-001
  1.3498434121864711e+000
  2.0049486180360589e+000
  2.8030916097118186e+000
  7.1192071095576048e-001
  3.8003818236758113e-001
 -3.8826397297803510e+000
 -1.0515069451016704e+001
 -1.0448334213395157e+001
  5.5231388774091184e-001
 -5.1024350605204782e+000
  8.0093646334495328e-001
 -6.0040466297844581e+000
  5.0705146615347152e+000
 -1.5607450586105660e+000
 -6.2454605186931369e+000
 -7.9603301692140480e+000
 -3.1866750772652450e+000
 -5.1215617522991339e+000
  2.1122661265454346e+000
  2.0708879567417462e+000
 -4.8408487977579879e+000
  9.6232241391757043e+000
 -9.4069312447739097e+000
 -2.2734199356297102e+000
 -7.3826945605879795e+000
  1.4285967576878082e+001
 -8.8515899027483158e+000
 -5.0542541701682833e+000
 -3.9504462786790517e+000
  3.4524588904592930e+000
  4.1559648432658660e+000
  1.1383045401055195e+001
  1.4675125956165824e+000
  4.2524297663154202e+000
 -2.9218242784822870e+000
 -2.9612652806164901e+000
 -8.8699982007087748e+000
  2.1678532582987593e+000
  3.1726518945512208e+000
 -8.1063485648152849e+000
  4.2890877107763070e-001
 -2.2680522896146638e-001
 -9.6615225309684245e+000
  1.2815599022454671e-001
  1.5864485016332968e+000
 -8.9894361563555805e+000
  1.5344258331583149e+000
 -2.8536745895663689e+000
 -4.6199202957313839e+000
  4.5829864771532227e+000
 -1.4659276471106537e+000
 -4.6130603064053943e+000
 -4.3569407197118615e+000
  1.2750973284375577e+001
 -5.9596639321396552e+000
  1.4089677198151138e+001
  3.4385996074611622e+000
 -4.0690367556997078e+000
  4.0497722664120301e+000
  4.6345525301353714e+000
 -4.6718162492099191e+000
  3.2967411081250479e+000
 -2.2788507208243242e-001
  1.6494111863111531e+000
  3.6467792132305077e-001
 -3.8601108410813545e+000
 -9.7317228232386981e+000
  8.0951894025919602e-001
 -3.5191164891538207e-001
 -5.3594343700956397e+000
 -1.1464619927716704e+000
 -2.7980405055068864e+000
 -4.2562291500207809e+000
  4.9705764004635196e+000
  4.7609508294571001e-002
  1.6154618615664067e+000
  1.8916569042291698e+000
  8.5331531948218586e+000
  2.3074684810513393e+000
  7.9350118025167280e+000
  1.0069761692033598e+001
  8.4671481400132220e-001
  8.6293794929471250e+000
  3.9508833732343693e+000
  1.8949500199849347e+000
 -4.1290080446198116e+000
  9.5078851175716128e+000
  4.2211148858861591e+000
  1.5864384517558041e+000
  5.8571247564091831e+000
  2.8722623159762124e+000
 -4.7357588775879726e+000
  2.1426990305615536e+000
  7.9642554149622369e-001
  1.4396627018409043e+000
  1.0969394150191656e+000
 -3.8681084506397068e+000
  4.7050421244844394e+000
  5.2857492721911399e+000
 -7.5029327124828695e+000
  6.4286993071330389e-001
  3.6528474404454228e+000
  8.5573506398323165e+000
  4.0333092922562619e+000
 -9.8492784015343844e+000
  5.7874263609680305e+000
  2.6598352741149811e+000
  7.4741586599168279e+000
  8.2658419886351697e-001
 -8.2812015898408842e-001
 -4.0954581944031840e+000
 -2.5167143484737129e+000
 -5.8987927482933022e+000
 -6.4134415516415961e+000
 -3.6757348582087972e+000
 -5.5645723152653170e-001
 -3.3984515468133942e+000
  2.9824105071913105e+000
  4.6213852041567325e+000
 -4.4484851398309688e+000
 -7.3364518478807064e+000
 -6.0062984630849918e+000
 -1.5072533285436194e+000
  5.9240314703860895e+000
 -1.4768148281998343e+000
 -3.2518566857160245e+000
  2.3434130140150202e+000
 -7.1193975762597272e+000
  8.2871425030668231e+000
  1.0959170156527724e+000
  4.3191125400648644e+000
 -6.2829076795089478e-001
  1.8975342809934290e+001
 -4.2820100142535908e+000
  3.1682428017047330e+000
 -1.3838819714395040e+001
  1.0709198615334749e+001
 -6.8852778733027664e+000
 -8.3523373574401927e-001
 -2.5308166552609408e+000
  2.0822657889628213e+000
 -3.9679511891044505e+000
  1.6577710666522671e+000
 -2.7922690757332815e+000
 -4.1479776155440238e+000
 -9.4762246056553785e+000
 -1.9969401143372583e+000
  9.0950118982169990e+000
  3.6165460036451966e+000
 -5.0466919965935986e-001
 -4.3740969532792651e-001
  1.1942027000562692e+000
  1.3028215838669519e+000
 -1.0039379923588399e+001
 -4.3569160965797220e+000
  1.7510520611048559e+001
 -2.8198495275636448e+000
  3.9045337952219450e+000
 -5.8306057280182495e+000
  1.6727721002084550e+000
  6.8310464659122747e+000
 -1.6237431183064603e+000
 -3.5256709277745601e+000
  2.4601574244649567e+000
 -3.8804503762402924e+000
 -5.3654669836110829e+000
 -1.4365098539611436e+000
 -2.9939214145716737e+000
  3.7909630676673562e+000
 -4.6263432608190938e+000
  6.6471100926297089e+000
 -9.8073980676155692e+000
 -7.6384690542690881e-001
  4.0532766187333777e+000
 -2.4433483004036258e+000
 -4.0952287364473499e+000
 -8.4704285966695885e+000
 -3.7788722741251108e+000
  9.6509074040170280e+000
 -3.7790836246675275e+000
  1.9662218770537270e+000
 -3.8412614207212346e+000
  6.9632036542483631e+000
 -1.5922690298972531e+000
  1.2034010595223205e-001
  3.7624558973266544e+000
 -1.0310532678892321e+000
 -5.9943985871642615e+000
  5.1954260574979196e+000
 -2.5511114035418188e+000
  3.6419373186591883e+000
  9.1566745875550151e+000
  8.2235604124160500e-001
  2.3334735304911347e+000
  2.3453144211921590e+000
 -2.0742563841857016e+000
 -2.9902981797905217e+000
 -7.3103326499752717e+000
 -1.1246728056416857e+000
 -2.2248459985349123e+000
  1.3745046824046148e+000
 -3.8333346076148977e+000
 -4.1031932436189400e-001
 -1.1848549387486621e+001
 -2.2015116738037652e+000
 -9.7415997864692772e-001
 -3.4419701237796270e+000
  1.5601904188851143e+000
 -6.9162939285378648e+000
